     1	1 1111
     2	1 1111
     3	1 1111
     4	1 1111
     5	1 1111
     6	1 1111
     7	1 1111
     8	1 1111
     9	1 1111
    10	1 1111
    11	1 1111
    12	1 1111
    13	1 1111
    14	1 1111
    15	1 1111
    16	1 1111
    17	1 1111
    18	1 1111
    19	1 1111
    20	1 1111
    21	1 1111
    22	1 1111
    23	1 1111
    24	1 1111
    25	1 1111
    26	1 1111
    27	1 1111
    28	1 1111
    29	1 1111
    30	1 1111
    31	1 1111
    32	1 1111
    33	1 1111
    34	1 1111
    35	1 1111
    36	1 1111
    37	1 1111
    38	1 1111
    39	1 1111
    40	1 1111
    41	1 1111
    42	1 1111
    43	1 1111
    44	1 1111
    45	1 1111
    46	1 1111
    47	1 1111
    48	1 1111
    49	1 1111
    50	1 1111
    51	1 1111
    52	1 1111
    53	1 1111
    54	1 1111
    55	1 1111
    56	1 1111
    57	1 1111
    58	1 1111
    59	1 1111
    60	1 1111
    61	1 1111
    62	1 1111
    63	1 1111
    64	1 1111
    65	1 1111
    66	1 1111
    67	1 1111
    68	1 1111
    69	1 1111
    70	1 1111
    71	1 1111
    72	1 1111
    73	1 1111
    74	1 1111
    75	1 1111
    76	1 1111
    77	1 1111
    78	1 1111
    79	1 1111
    80	1 1111
    81	1 1111
    82	1 1111
    83	1 1111
    84	1 1111
    85	1 1111
    86	1 1111
    87	1 1111
    88	1 1111
    89	1 1111
    90	1 1111
    91	1 1111
    92	1 1111
    93	1 1111
    94	1 1111
    95	1 1111
    96	1 1111
    97	1 1111
    98	1 1111
    99	1 1111
   100	1 1111
   101	1 1111
   102	1 1111
   103	1 1111
   104	1 1111
   105	1 1111
   106	1 1111
   107	1 1111
   108	1 1111
   109	1 1111
   110	1 1111
   111	1 1111
   112	1 1111
   113	1 1111
   114	1 1111
   115	1 1111
   116	1 1111
   117	1 1111
   118	1 1111
   119	1 1111
   120	1 1111
   121	1 1111
   122	1 1111
   123	1 1111
   124	1 1111
   125	1 1111
   126	1 1111
   127	1 1111
   128	1 1111
   129	1 1111
   130	1 1111
   131	1 1111
   132	1 1111
   133	1 1111
   134	1 1111
   135	1 1111
   136	1 1111
   137	1 1111
   138	1 1111
   139	1 1111
   140	1 1111
   141	1 1111
   142	1 1111
   143	1 1111
   144	1 1111
   145	1 1111
   146	1 1111
   147	1 1111
   148	1 1111
   149	1 1111
   150	1 1111
   151	1 1111
   152	1 1111
   153	1 1111
   154	1 1111
   155	1 1111
   156	1 1111
   157	1 1111
   158	1 1111
   159	1 1111
   160	1 1111
   161	1 1111
   162	1 1111
   163	1 1111
   164	1 1111
   165	1 1111
   166	1 1111
   167	1 1111
   168	1 1111
   169	1 1111
   170	1 1111
   171	1 1111
   172	1 1111
   173	1 1111
   174	1 1111
   175	1 1111
   176	1 1111
   177	1 1111
   178	1 1111
   179	1 1111
   180	1 1111
   181	1 1111
   182	1 1111
   183	1 1111
   184	1 1111
   185	1 1111
   186	1 1111
   187	1 1111
   188	1 1111
   189	1 1111
   190	1 1111
   191	1 1111
   192	1 1111
   193	1 1111
   194	1 1111
   195	1 1111
   196	1 1111
   197	1 1111
   198	1 1111
   199	1 1111
   200	1 1111
   201	1 1111
   202	1 1111
   203	1 1111
   204	1 1111
   205	1 1111
   206	1 1111
   207	1 1111
   208	1 1111
   209	1 1111
   210	1 1111
   211	1 1111
   212	1 1111
   213	1 1111
   214	1 1111
   215	1 1111
   216	1 1111
   217	1 1111
   218	1 1111
   219	1 1111
   220	1 1111
   221	1 1111
   222	1 1111
   223	1 1111
   224	1 1111
   225	1 1111
   226	1 1111
   227	1 1111
   228	1 1111
   229	1 1111
   230	1 1111
   231	1 1111
   232	1 1111
   233	1 1111
   234	1 1111
   235	1 1111
   236	1 1111
   237	1 1111
   238	1 1111
   239	1 1111
   240	1 1111
   241	1 1111
   242	1 1111
   243	1 1111
   244	1 1111
   245	1 1111
   246	1 1111
   247	1 1111
   248	1 1111
   249	1 1111
   250	1 1111
   251	1 1111
   252	1 1111
   253	1 1111
   254	1 1111
   255	1 1111
   256	1 1111
   257	1 1111
   258	1 1111
   259	1 1111
   260	1 1111
   261	1 1111
   262	1 1111
   263	1 1111
   264	1 1111
   265	1 1111
   266	1 1111
   267	1 1111
   268	1 1111
   269	1 1111
   270	1 1111
   271	1 1111
   272	1 1111
   273	1 1111
   274	1 1111
   275	1 1111
   276	1 1111
   277	1 1111
   278	1 1111
   279	1 1111
   280	1 1111
   281	1 1111
   282	1 1111
   283	1 1111
   284	1 1111
   285	1 1111
   286	1 1111
   287	1 1111
   288	1 1111
   289	1 1111
   290	1 1111
   291	1 1111
   292	1 1111
   293	1 1111
   294	1 1111
   295	1 1111
   296	1 1111
   297	1 1111
   298	1 1111
   299	1 1111
   300	1 1111
   301	1 1111
   302	1 1111
   303	1 1111
   304	1 1111
   305	1 1111
   306	1 1111
   307	1 1111
   308	1 1111
   309	1 1111
   310	1 1111
   311	1 1111
   312	1 1111
   313	1 1111
   314	1 1111
   315	1 1111
   316	1 1111
   317	1 1111
   318	1 1111
   319	1 1111
   320	1 1111
   321	1 1111
   322	1 1111
   323	1 1111
   324	1 1111
   325	1 1111
   326	1 1111
   327	1 1111
   328	1 1111
   329	1 1111
   330	1 1111
   331	1 1111
   332	1 1111
   333	1 1111
   334	1 1111
   335	1 1111
   336	1 1111
   337	1 1111
   338	1 1111
   339	1 1111
   340	1 1111
   341	1 1111
   342	1 1111
   343	1 1111
   344	1 1111
   345	1 1111
   346	1 1111
   347	1 1111
   348	1 1111
   349	1 1111
   350	1 1111
   351	1 1111
   352	1 1111
   353	1 1111
   354	1 1111
   355	1 1111
   356	1 1111
   357	1 1111
   358	1 1111
   359	1 1111
   360	1 1111
   361	1 1111
   362	1 1111
   363	1 1111
   364	1 1111
   365	1 1111
   366	1 1111
   367	1 1111
   368	1 1111
   369	1 1111
   370	1 1111
   371	1 1111
   372	1 1111
   373	1 1111
   374	1 1111
   375	1 1111
   376	1 1111
   377	1 1111
   378	1 1111
   379	1 1111
   380	1 1111
   381	1 1111
   382	1 1111
   383	1 1111
   384	1 1111
   385	1 1111
   386	1 1111
   387	1 1111
   388	1 1111
   389	1 1111
   390	1 1111
   391	1 1111
   392	1 1111
   393	1 1111
   394	1 1111
   395	1 1111
   396	1 1111
   397	1 1111
   398	1 1111
   399	1 1111
   400	1 1111
   401	1 1111
   402	1 1111
   403	1 1111
   404	1 1111
   405	1 1111
   406	1 1111
   407	1 1111
   408	1 1111
   409	1 1111
   410	1 1111
   411	1 1111
   412	1 1111
   413	1 1111
   414	1 1111
   415	1 1111
   416	1 1111
   417	1 1111
   418	1 1111
   419	1 1111
   420	1 1111
   421	1 1111
   422	1 1111
   423	1 1111
   424	1 1111
   425	1 1111
   426	1 1111
   427	1 1111
   428	1 1111
   429	1 1111
   430	1 1111
   431	1 1111
   432	1 1111
   433	1 1111
   434	1 1111
   435	1 1111
   436	1 1111
   437	1 1111
   438	1 1111
   439	1 1111
   440	1 1111
   441	1 1111
   442	1 1111
   443	1 1111
   444	1 1111
   445	1 1111
   446	1 1111
   447	1 1111
   448	1 1111
   449	1 1111
   450	1 1111
   451	1 1111
   452	1 1111
   453	1 1111
   454	1 1111
   455	1 1111
   456	1 1111
   457	1 1111
   458	1 1111
   459	1 1111
   460	1 1111
   461	1 1111
   462	1 1111
   463	1 1111
   464	1 1111
   465	1 1111
   466	1 1111
   467	1 1111
   468	1 1111
   469	1 1111
   470	1 1111
   471	1 1111
   472	1 1111
   473	1 1111
   474	1 1111
   475	1 1111
   476	1 1111
   477	1 1111
   478	1 1111
   479	1 1111
   480	1 1111
   481	1 1111
   482	1 1111
   483	1 1111
   484	1 1111
   485	1 1111
   486	1 1111
   487	1 1111
   488	1 1111
   489	1 1111
   490	1 1111
   491	1 1111
   492	1 1111
   493	1 1111
   494	1 1111
   495	1 1111
   496	1 1111
   497	1 1111
   498	1 1111
   499	1 1111
   500	1 1111
   501	1 1111
   502	1 1111
   503	1 1111
   504	1 1111
   505	1 1111
   506	1 1111
   507	1 1111
   508	1 1111
   509	1 1111
   510	1 1111
   511	1 1111
   512	1 1111
   513	1 1111
   514	1 1111
   515	1 1111
   516	1 1111
   517	1 1111
   518	1 1111
   519	1 1111
   520	1 1111
   521	1 1111
   522	1 1111
   523	1 1111
   524	1 1111
   525	1 1111
   526	1 1111
   527	1 1111
   528	1 1111
   529	1 1111
   530	1 1111
   531	1 1111
   532	1 1111
   533	1 1111
   534	1 1111
   535	1 1111
   536	1 1111
   537	1 1111
   538	1 1111
   539	1 1111
   540	1 1111
   541	1 1111
   542	1 1111
   543	1 1111
   544	1 1111
   545	1 1111
   546	1 1111
   547	1 1111
   548	1 1111
   549	1 1111
   550	1 1111
   551	1 1111
   552	1 1111
   553	1 1111
   554	1 1111
   555	1 1111
   556	1 1111
   557	1 1111
   558	1 1111
   559	1 1111
   560	1 1111
   561	1 1111
   562	1 1111
   563	1 1111
   564	1 1111
   565	1 1111
   566	1 1111
   567	1 1111
   568	1 1111
   569	1 1111
   570	1 1111
   571	1 1111
   572	1 1111
   573	1 1111
   574	1 1111
   575	1 1111
   576	1 1111
   577	1 1111
   578	1 1111
   579	1 1111
   580	1 1111
   581	1 1111
   582	1 1111
   583	1 1111
   584	1 1111
   585	1 1111
   586	1 1111
   587	1 1111
   588	1 1111
   589	1 1111
   590	1 1111
   591	1 1111
   592	1 1111
   593	1 1111
   594	1 1111
   595	1 1111
   596	1 1111
   597	1 1111
   598	1 1111
   599	1 1111
   600	1 1111
   601	1 1111
   602	1 1111
   603	1 1111
   604	1 1111
   605	1 1111
   606	1 1111
   607	1 1111
   608	1 1111
   609	1 1111
   610	1 1111
   611	1 1111
   612	1 1111
   613	1 1111
   614	1 1111
   615	1 1111
   616	1 1111
   617	1 1111
   618	1 1111
   619	1 1111
   620	1 1111
   621	1 1111
   622	1 1111
   623	1 1111
   624	1 1111
   625	1 1111
   626	1 1111
   627	1 1111
   628	1 1111
   629	1 1111
   630	1 1111
   631	1 1111
   632	1 1111
   633	1 1111
   634	1 1111
   635	1 1111
   636	1 1111
   637	1 1111
   638	1 1111
   639	1 1111
   640	1 1111
   641	1 1111
   642	1 1111
   643	1 1111
   644	1 1111
   645	1 1111
   646	1 1111
   647	1 1111
   648	1 1111
   649	1 1111
   650	1 1111
   651	1 1111
   652	1 1111
   653	1 1111
   654	1 1111
   655	1 1111
   656	1 1111
   657	1 1111
   658	1 1111
   659	1 1111
   660	1 1111
   661	1 1111
   662	1 1111
   663	1 1111
   664	1 1111
   665	1 1111
   666	1 1111
   667	1 1111
   668	1 1111
   669	1 1111
   670	1 1111
   671	1 1111
   672	1 1111
   673	1 1111
   674	1 1111
   675	1 1111
   676	1 1111
   677	1 1111
   678	1 1111
   679	1 1111
   680	1 1111
   681	1 1111
   682	1 1111
   683	1 1111
   684	1 1111
   685	1 1111
   686	1 1111
   687	1 1111
   688	1 1111
   689	1 1111
   690	1 1111
   691	1 1111
   692	1 1111
   693	1 1111
   694	1 1111
   695	1 1111
   696	1 1111
   697	1 1111
   698	1 1111
   699	1 1111
   700	1 1111
   701	1 1111
   702	1 1111
   703	1 1111
   704	1 1111
   705	1 1111
   706	1 1111
   707	1 1111
   708	1 1111
   709	1 1111
   710	1 1111
   711	1 1111
   712	1 1111
   713	1 1111
   714	1 1111
   715	1 1111
   716	1 1111
   717	1 1111
   718	1 1111
   719	1 1111
   720	1 1111
   721	1 1111
   722	1 1111
   723	1 1111
   724	1 1111
   725	1 1111
   726	1 1111
   727	1 1111
   728	1 1111
   729	1 1111
   730	1 1111
   731	1 1111
   732	1 1111
   733	1 1111
   734	1 1111
   735	1 1111
   736	1 1111
   737	1 1111
   738	1 1111
   739	1 1111
   740	1 1111
   741	1 1111
   742	1 1111
   743	1 1111
   744	1 1111
   745	1 1111
   746	1 1111
   747	1 1111
   748	1 1111
   749	1 1111
   750	1 1111
   751	1 1111
   752	1 1111
   753	1 1111
   754	1 1111
   755	1 1111
   756	1 1111
   757	1 1111
   758	1 1111
   759	1 1111
   760	1 1111
   761	1 1111
   762	1 1111
   763	1 1111
   764	1 1111
   765	1 1111
   766	1 1111
   767	1 1111
   768	1 1111
   769	1 1111
   770	1 1111
   771	1 1111
   772	1 1111
   773	1 1111
   774	1 1111
   775	1 1111
   776	1 1111
   777	1 1111
   778	1 1111
   779	1 1111
   780	1 1111
   781	1 1111
   782	1 1111
   783	1 1111
   784	1 1111
   785	1 1111
   786	1 1111
   787	1 1111
   788	1 1111
   789	1 1111
   790	1 1111
   791	1 1111
   792	1 1111
   793	1 1111
   794	1 1111
   795	1 1111
   796	1 1111
   797	1 1111
   798	1 1111
   799	1 1111
   800	1 1111
   801	1 1111
   802	1 1111
   803	1 1111
   804	1 1111
   805	1 1111
   806	1 1111
   807	1 1111
   808	1 1111
   809	1 1111
   810	1 1111
   811	1 1111
   812	1 1111
   813	1 1111
   814	1 1111
   815	1 1111
   816	1 1111
   817	1 1111
   818	1 1111
   819	1 1111
   820	1 1111
   821	1 1111
   822	1 1111
   823	1 1111
   824	1 1111
   825	1 1111
   826	1 1111
   827	1 1111
   828	1 1111
   829	1 1111
   830	1 1111
   831	1 1111
   832	1 1111
   833	1 1111
   834	1 1111
   835	1 1111
   836	1 1111
   837	1 1111
   838	1 1111
   839	1 1111
   840	1 1111
   841	1 1111
   842	1 1111
   843	1 1111
   844	1 1111
   845	1 1111
   846	1 1111
   847	1 1111
   848	1 1111
   849	1 1111
   850	1 1111
   851	1 1111
   852	1 1111
   853	1 1111
   854	1 1111
   855	1 1111
   856	1 1111
   857	1 1111
   858	1 1111
   859	1 1111
   860	1 1111
   861	1 1111
   862	1 1111
   863	1 1111
   864	1 1111
   865	1 1111
   866	1 1111
   867	1 1111
   868	1 1111
   869	1 1111
   870	1 1111
   871	1 1111
   872	1 1111
   873	1 1111
   874	1 1111
   875	1 1111
   876	1 1111
   877	1 1111
   878	1 1111
   879	1 1111
   880	1 1111
   881	1 1111
   882	1 1111
   883	1 1111
   884	1 1111
   885	1 1111
   886	1 1111
   887	1 1111
   888	1 1111
   889	1 1111
   890	1 1111
   891	1 1111
   892	1 1111
   893	1 1111
   894	1 1111
   895	1 1111
   896	1 1111
   897	1 1111
   898	1 1111
   899	1 1111
   900	1 1111
   901	1 1111
   902	1 1111
   903	1 1111
   904	1 1111
   905	1 1111
   906	1 1111
   907	1 1111
   908	1 1111
   909	1 1111
   910	1 1111
   911	1 1111
   912	1 1111
   913	1 1111
   914	1 1111
   915	1 1111
   916	1 1111
   917	1 1111
   918	1 1111
   919	1 1111
   920	1 1111
   921	1 1111
   922	1 1111
   923	1 1111
   924	1 1111
   925	1 1111
   926	1 1111
   927	1 1111
   928	1 1111
   929	1 1111
   930	1 1111
   931	1 1111
   932	1 1111
   933	1 1111
   934	1 1111
   935	1 1111
   936	1 1111
   937	1 1111
   938	1 1111
   939	1 1111
   940	1 1111
   941	1 1111
   942	1 1111
   943	1 1111
   944	1 1111
   945	1 1111
   946	1 1111
   947	1 1111
   948	1 1111
   949	1 1111
   950	1 1111
   951	1 1111
   952	1 1111
   953	1 1111
   954	1 1111
   955	1 1111
   956	1 1111
   957	1 1111
   958	1 1111
   959	1 1111
   960	1 1111
   961	1 1111
   962	1 1111
   963	1 1111
   964	1 1111
   965	1 1111
   966	1 1111
   967	1 1111
   968	1 1111
   969	1 1111
   970	1 1111
   971	1 1111
   972	1 1111
   973	1 1111
   974	1 1111
   975	1 1111
   976	1 1111
   977	1 1111
   978	1 1111
   979	1 1111
   980	1 1111
   981	1 1111
   982	1 1111
   983	1 1111
   984	1 1111
   985	1 1111
   986	1 1111
   987	1 1111
   988	1 1111
   989	1 1111
   990	1 1111
   991	1 1111
   992	1 1111
   993	1 1111
   994	1 1111
   995	1 1111
   996	1 1111
   997	1 1111
   998	1 1111
   999	1 1111
  1000	1 1111
  1001	1 1111
  1002	1 1111
  1003	1 1111
  1004	1 1111
  1005	1 1111
  1006	1 1111
  1007	1 1111
  1008	1 1111
  1009	1 1111
  1010	1 1111
  1011	1 1111
  1012	1 1111
  1013	1 1111
  1014	1 1111
  1015	1 1111
  1016	1 1111
  1017	1 1111
  1018	1 1111
  1019	1 1111
  1020	1 1111
  1021	1 1111
  1022	1 1111
  1023	1 1111
  1024	1 1111
  1025	1 1111
  1026	1 1111
  1027	1 1111
  1028	1 1111
  1029	1 1111
  1030	1 1111
  1031	1 1111
  1032	1 1111
  1033	1 1111
  1034	1 1111
  1035	1 1111
  1036	1 1111
  1037	1 1111
  1038	1 1111
  1039	1 1111
  1040	1 1111
  1041	1 1111
  1042	1 1111
  1043	1 1111
  1044	1 1111
  1045	1 1111
  1046	1 1111
  1047	1 1111
  1048	1 1111
  1049	1 1111
  1050	1 1111
  1051	1 1111
  1052	1 1111
  1053	1 1111
  1054	1 1111
  1055	1 1111
  1056	1 1111
  1057	1 1111
  1058	1 1111
  1059	1 1111
  1060	1 1111
  1061	1 1111
  1062	1 1111
  1063	1 1111
  1064	1 1111
  1065	1 1111
  1066	1 1111
  1067	1 1111
  1068	1 1111
  1069	1 1111
  1070	1 1111
  1071	1 1111
  1072	1 1111
  1073	1 1111
  1074	1 1111
  1075	1 1111
  1076	1 1111
  1077	1 1111
  1078	1 1111
  1079	1 1111
  1080	1 1111
  1081	1 1111
  1082	1 1111
  1083	1 1111
  1084	1 1111
  1085	1 1111
  1086	1 1111
  1087	1 1111
  1088	1 1111
  1089	1 1111
  1090	1 1111
  1091	1 1111
  1092	1 1111
  1093	1 1111
  1094	1 1111
  1095	1 1111
  1096	1 1111
  1097	1 1111
  1098	1 1111
  1099	1 1111
  1100	1 1111
  1101	1 1111
  1102	1 1111
  1103	1 1111
  1104	1 1111
  1105	1 1111
  1106	1 1111
  1107	1 1111
  1108	1 1111
  1109	1 1111
  1110	1 1111
  1111	1 1111
  1112	1 1111
  1113	1 1111
  1114	1 1111
  1115	1 1111
  1116	1 1111
  1117	1 1111
  1118	1 1111
  1119	1 1111
  1120	1 1111
  1121	1 1111
  1122	1 1111
  1123	1 1111
  1124	1 1111
  1125	1 1111
  1126	1 1111
  1127	1 1111
  1128	1 1111
  1129	1 1111
  1130	1 1111
  1131	1 1111
  1132	1 1111
  1133	1 1111
  1134	1 1111
  1135	1 1111
  1136	1 1111
  1137	1 1111
  1138	1 1111
  1139	1 1111
  1140	1 1111
  1141	1 1111
  1142	1 1111
  1143	1 1111
  1144	1 1111
  1145	1 1111
  1146	1 1111
  1147	1 1111
  1148	1 1111
  1149	1 1111
  1150	1 1111
  1151	1 1111
  1152	1 1111
  1153	1 1111
  1154	1 1111
  1155	1 1111
  1156	1 1111
  1157	1 1111
  1158	1 1111
  1159	1 1111
  1160	1 1111
  1161	1 1111
  1162	1 1111
  1163	1 1111
  1164	1 1111
  1165	1 1111
  1166	1 1111
  1167	1 1111
  1168	1 1111
  1169	1 1111
  1170	1 1111
  1171	1 1111
  1172	1 1111
  1173	1 1111
  1174	1 1111
  1175	1 1111
  1176	1 1111
  1177	1 1111
  1178	1 1111
  1179	1 1111
  1180	1 1111
  1181	1 1111
  1182	1 1111
  1183	1 1111
  1184	1 1111
  1185	1 1111
  1186	1 1111
  1187	1 1111
  1188	1 1111
  1189	1 1111
  1190	1 1111
  1191	1 1111
  1192	1 1111
  1193	1 1111
  1194	1 1111
  1195	1 1111
  1196	1 1111
  1197	1 1111
  1198	1 1111
  1199	1 1111
  1200	1 1111
  1201	1 1111
  1202	1 1111
  1203	1 1111
  1204	1 1111
  1205	1 1111
  1206	1 1111
  1207	1 1111
  1208	1 1111
  1209	1 1111
  1210	1 1111
  1211	1 1111
  1212	1 1111
  1213	1 1111
  1214	1 1111
  1215	1 1111
  1216	1 1111
  1217	1 1111
  1218	1 1111
  1219	1 1111
  1220	1 1111
  1221	1 1111
  1222	1 1111
  1223	1 1111
  1224	1 1111
  1225	1 1111
  1226	1 1111
  1227	1 1111
  1228	1 1111
  1229	1 1111
  1230	1 1111
  1231	1 1111
  1232	1 1111
  1233	1 1111
  1234	1 1111
  1235	1 1111
  1236	1 1111
  1237	1 1111
  1238	1 1111
  1239	1 1111
  1240	1 1111
  1241	1 1111
  1242	1 1111
  1243	1 1111
  1244	1 1111
  1245	1 1111
  1246	1 1111
  1247	1 1111
  1248	1 1111
  1249	1 1111
  1250	1 1111
  1251	1 1111
  1252	1 1111
  1253	1 1111
  1254	1 1111
  1255	1 1111
  1256	1 1111
  1257	1 1111
  1258	1 1111
  1259	1 1111
  1260	1 1111
  1261	1 1111
  1262	1 1111
  1263	1 1111
  1264	1 1111
  1265	1 1111
  1266	1 1111
  1267	1 1111
  1268	1 1111
  1269	1 1111
  1270	1 1111
  1271	1 1111
  1272	1 1111
  1273	1 1111
  1274	1 1111
  1275	1 1111
  1276	1 1111
  1277	1 1111
  1278	1 1111
  1279	1 1111
  1280	1 1111
  1281	1 1111
  1282	1 1111
  1283	1 1111
  1284	1 1111
  1285	1 1111
  1286	1 1111
  1287	1 1111
  1288	1 1111
  1289	1 1111
  1290	1 1111
  1291	1 1111
  1292	1 1111
  1293	1 1111
  1294	1 1111
  1295	1 1111
  1296	1 1111
  1297	1 1111
  1298	1 1111
  1299	1 1111
  1300	1 1111
  1301	1 1111
  1302	1 1111
  1303	1 1111
  1304	1 1111
  1305	1 1111
  1306	1 1111
  1307	1 1111
  1308	1 1111
  1309	1 1111
  1310	1 1111
  1311	1 1111
  1312	1 1111
  1313	1 1111
  1314	1 1111
  1315	1 1111
  1316	1 1111
  1317	1 1111
  1318	1 1111
  1319	1 1111
  1320	1 1111
  1321	1 1111
  1322	1 1111
  1323	1 1111
  1324	1 1111
  1325	1 1111
  1326	1 1111
  1327	1 1111
  1328	1 1111
  1329	1 1111
  1330	1 1111
  1331	1 1111
  1332	1 1111
  1333	1 1111
  1334	1 1111
  1335	1 1111
  1336	1 1111
  1337	1 1111
  1338	1 1111
  1339	1 1111
  1340	1 1111
  1341	1 1111
  1342	1 1111
  1343	1 1111
  1344	1 1111
  1345	1 1111
  1346	1 1111
  1347	1 1111
  1348	1 1111
  1349	1 1111
  1350	1 1111
  1351	1 1111
  1352	1 1111
  1353	1 1111
  1354	1 1111
  1355	1 1111
  1356	1 1111
  1357	1 1111
  1358	1 1111
  1359	1 1111
  1360	1 1111
  1361	1 1111
  1362	1 1111
  1363	1 1111
  1364	1 1111
  1365	1 1111
  1366	1 1111
  1367	1 1111
  1368	1 1111
  1369	1 1111
  1370	1 1111
  1371	1 1111
  1372	1 1111
  1373	1 1111
  1374	1 1111
  1375	1 1111
  1376	1 1111
  1377	1 1111
  1378	1 1111
  1379	1 1111
  1380	1 1111
  1381	1 1111
  1382	1 1111
  1383	1 1111
  1384	1 1111
  1385	1 1111
  1386	1 1111
  1387	1 1111
  1388	1 1111
  1389	1 1111
  1390	1 1111
  1391	1 1111
  1392	1 1111
  1393	1 1111
  1394	1 1111
  1395	1 1111
  1396	1 1111
  1397	1 1111
  1398	1 1111
  1399	1 1111
  1400	1 1111
  1401	1 1111
  1402	1 1111
  1403	1 1111
  1404	1 1111
  1405	1 1111
  1406	1 1111
  1407	1 1111
  1408	1 1111
  1409	1 1111
  1410	1 1111
  1411	1 1111
  1412	1 1111
  1413	1 1111
  1414	1 1111
  1415	1 1111
  1416	1 1111
  1417	1 1111
  1418	1 1111
  1419	1 1111
  1420	1 1111
  1421	1 1111
  1422	1 1111
  1423	1 1111
  1424	1 1111
  1425	1 1111
  1426	1 1111
  1427	1 1111
  1428	1 1111
  1429	1 1111
  1430	1 1111
  1431	1 1111
  1432	1 1111
  1433	1 1111
  1434	1 1111
  1435	1 1111
  1436	1 1111
  1437	1 1111
  1438	1 1111
  1439	1 1111
  1440	1 1111
  1441	1 1111
  1442	1 1111
  1443	1 1111
  1444	1 1111
  1445	1 1111
  1446	1 1111
  1447	1 1111
  1448	1 1111
  1449	1 1111
  1450	1 1111
  1451	1 1111
  1452	1 1111
  1453	1 1111
  1454	1 1111
  1455	1 1111
  1456	1 1111
  1457	1 1111
  1458	1 1111
  1459	1 1111
  1460	1 1111
  1461	1 1111
  1462	1 1111
  1463	1 1111
  1464	1 1111
  1465	1 1111
  1466	1 1111
  1467	1 1111
  1468	1 1111
  1469	1 1111
  1470	1 1111
  1471	1 1111
  1472	1 1111
  1473	1 1111
  1474	1 1111
  1475	1 1111
  1476	1 1111
  1477	1 1111
  1478	1 1111
  1479	1 1111
  1480	1 1111
  1481	1 1111
  1482	1 1111
  1483	1 1111
  1484	1 1111
  1485	1 1111
  1486	1 1111
  1487	1 1111
  1488	1 1111
  1489	1 1111
  1490	1 1111
  1491	1 1111
  1492	1 1111
  1493	1 1111
  1494	1 1111
  1495	1 1111
  1496	1 1111
  1497	1 1111
  1498	1 1111
  1499	1 1111
  1500	1 1111
  1501	1 1111
  1502	1 1111
  1503	1 1111
  1504	1 1111
  1505	1 1111
  1506	1 1111
  1507	1 1111
  1508	1 1111
  1509	1 1111
  1510	1 1111
  1511	1 1111
  1512	1 1111
  1513	1 1111
  1514	1 1111
  1515	1 1111
  1516	1 1111
  1517	1 1111
  1518	1 1111
  1519	1 1111
  1520	1 1111
  1521	1 1111
  1522	1 1111
  1523	1 1111
  1524	1 1111
  1525	1 1111
  1526	1 1111
  1527	1 1111
  1528	1 1111
  1529	1 1111
  1530	1 1111
  1531	1 1111
  1532	1 1111
  1533	1 1111
  1534	1 1111
  1535	1 1111
  1536	1 1111
  1537	1 1111
  1538	1 1111
  1539	1 1111
  1540	1 1111
  1541	1 1111
  1542	1 1111
  1543	1 1111
  1544	1 1111
  1545	1 1111
  1546	1 1111
  1547	1 1111
  1548	1 1111
  1549	1 1111
  1550	1 1111
  1551	1 1111
  1552	1 1111
  1553	1 1111
  1554	1 1111
  1555	1 1111
  1556	1 1111
  1557	1 1111
  1558	1 1111
  1559	1 1111
  1560	1 1111
  1561	1 1111
  1562	1 1111
  1563	1 1111
  1564	1 1111
  1565	1 1111
  1566	1 1111
  1567	1 1111
  1568	1 1111
  1569	1 1111
  1570	1 1111
  1571	1 1111
  1572	1 1111
  1573	1 1111
  1574	1 1111
  1575	1 1111
  1576	1 1111
  1577	1 1111
  1578	1 1111
  1579	1 1111
  1580	1 1111
  1581	1 1111
  1582	1 1111
  1583	1 1111
  1584	1 1111
  1585	1 1111
  1586	1 1111
  1587	1 1111
  1588	1 1111
  1589	1 1111
  1590	1 1111
  1591	1 1111
  1592	1 1111
  1593	1 1111
  1594	1 1111
  1595	1 1111
  1596	1 1111
  1597	1 1111
  1598	1 1111
  1599	1 1111
  1600	1 1111
  1601	1 1111
  1602	1 1111
  1603	1 1111
  1604	1 1111
  1605	1 1111
  1606	1 1111
  1607	1 1111
  1608	1 1111
  1609	1 1111
  1610	1 1111
  1611	1 1111
  1612	1 1111
  1613	1 1111
  1614	1 1111
  1615	1 1111
  1616	1 1111
  1617	1 1111
  1618	1 1111
  1619	1 1111
  1620	1 1111
  1621	1 1111
  1622	1 1111
  1623	1 1111
  1624	1 1111
  1625	1 1111
  1626	1 1111
  1627	1 1111
  1628	1 1111
  1629	1 1111
  1630	1 1111
  1631	1 1111
  1632	1 1111
  1633	1 1111
  1634	1 1111
  1635	1 1111
  1636	1 1111
  1637	1 1111
  1638	1 1111
  1639	1 1111
  1640	1 1111
  1641	1 1111
  1642	1 1111
  1643	1 1111
  1644	1 1111
  1645	1 1111
  1646	1 1111
  1647	1 1111
  1648	1 1111
  1649	1 1111
  1650	1 1111
  1651	1 1111
  1652	1 1111
  1653	1 1111
  1654	1 1111
  1655	1 1111
  1656	1 1111
  1657	1 1111
  1658	1 1111
  1659	1 1111
  1660	1 1111
  1661	1 1111
  1662	1 1111
  1663	1 1111
  1664	1 1111
  1665	1 1111
  1666	1 1111
  1667	1 1111
  1668	1 1111
  1669	1 1111
  1670	1 1111
  1671	1 1111
  1672	1 1111
  1673	1 1111
  1674	1 1111
  1675	1 1111
  1676	1 1111
  1677	1 1111
  1678	1 1111
  1679	1 1111
  1680	1 1111
  1681	1 1111
  1682	1 1111
  1683	1 1111
  1684	1 1111
  1685	1 1111
  1686	1 1111
  1687	1 1111
  1688	1 1111
  1689	1 1111
  1690	1 1111
  1691	1 1111
  1692	1 1111
  1693	1 1111
  1694	1 1111
  1695	1 1111
  1696	1 1111
  1697	1 1111
  1698	1 1111
  1699	1 1111
  1700	1 1111
  1701	1 1111
  1702	1 1111
  1703	1 1111
  1704	1 1111
  1705	1 1111
  1706	1 1111
  1707	1 1111
  1708	1 1111
  1709	1 1111
  1710	1 1111
  1711	1 1111
  1712	1 1111
  1713	1 1111
  1714	1 1111
  1715	1 1111
  1716	1 1111
  1717	1 1111
  1718	1 1111
  1719	1 1111
  1720	1 1111
  1721	1 1111
  1722	1 1111
  1723	1 1111
  1724	1 1111
  1725	1 1111
  1726	1 1111
  1727	1 1111
  1728	1 1111
  1729	1 1111
  1730	1 1111
  1731	1 1111
  1732	1 1111
  1733	1 1111
  1734	1 1111
  1735	1 1111
  1736	1 1111
  1737	1 1111
  1738	1 1111
  1739	1 1111
  1740	1 1111
  1741	1 1111
  1742	1 1111
  1743	1 1111
  1744	1 1111
  1745	1 1111
  1746	1 1111
  1747	1 1111
  1748	1 1111
  1749	1 1111
  1750	1 1111
  1751	1 1111
  1752	1 1111
  1753	1 1111
  1754	1 1111
  1755	1 1111
  1756	1 1111
  1757	1 1111
  1758	1 1111
  1759	1 1111
  1760	1 1111
  1761	1 1111
  1762	1 1111
  1763	1 1111
  1764	1 1111
  1765	1 1111
  1766	1 1111
  1767	1 1111
  1768	1 1111
  1769	1 1111
  1770	1 1111
  1771	1 1111
  1772	1 1111
  1773	1 1111
  1774	1 1111
  1775	1 1111
  1776	1 1111
  1777	1 1111
  1778	1 1111
  1779	1 1111
  1780	1 1111
  1781	1 1111
  1782	1 1111
  1783	1 1111
  1784	1 1111
  1785	1 1111
  1786	1 1111
  1787	1 1111
  1788	1 1111
  1789	1 1111
  1790	1 1111
  1791	1 1111
  1792	1 1111
  1793	1 1111
  1794	1 1111
  1795	1 1111
  1796	1 1111
  1797	1 1111
  1798	1 1111
  1799	1 1111
  1800	1 1111
  1801	1 1111
  1802	1 1111
  1803	1 1111
  1804	1 1111
  1805	1 1111
  1806	1 1111
